3
2000
31 73
15 87
46 95
35 70
45 80
47 76
1 87
1 66
13 81
38 69
38 52
14 76
48 56
41 60
50 49
39 74
34 79
45 67
48 96
48 79
15 56
30 97
41 95
45 58
32 52
15 84
27 76
24 23
20 51
43 90
20 55
30 85
28 57
26 51
16 88
35 92
1 83
38 79
44 92
11 66
41 55
28 78
37 90
29 91
43 86
33 71
40 68
35 34
50 92
29 83
40 80
43 64
36 88
28 58
42 94
42 89
29 77
1 52
46 76
32 83
1 89
12 82
13 12
28 89
48 82
45 71
43 63
19 94
46 82
43 58
18 82
23 82
20 78
17 78
22 86
48 69
41 62
25 52
33 68
22 80
39 91
23 91
24 73
22 21
31 92
32 65
44 75
20 69
18 72
24 70
49 51
34 80
31 75
35 68
25 83
22 90
43 95
49 65
42 69
50 68
0 43
21 97
16 90
25 73
25 51
40 57
36 86
27 54
27 56
15 61
35 84
33 81
30 51
25 56
35 85
39 90
49 60
39 86
50 58
24 81
0 44
23 55
1 51
32 94
45 91
32 73
45 85
32 68
13 74
47 97
33 78
18 67
16 75
1 75
23 77
49 75
49 69
34 71
44 71
29 55
49 55
33 56
14 51
34 83
46 88
26 52
20 56
0 39
0 5
19 97
32 76
16 79
17 97
48 61
21 72
39 72
14 75
27 90
41 82
26 63
15 59
49 82
12 70
11 57
42 95
13 83
47 75
1 62
42 78
44 84
47 82
39 94
35 65
29 69
43 70
48 87
0 40
19 18
0 37
20 92
17 51
35 79
43 82
27 78
43 53
25 78
42 63
13 64
37 76
12 72
25 81
26 85
17 83
1 82
20 91
19 58
36 85
29 66
26 91
18 84
26 70
41 64
28 59
25 76
28 93
41 66
31 95
35 90
1 58
21 85
20 54
23 89
31 58
22 93
13 61
12 92
29 80
38 93
21 67
36 90
21 83
40 61
30 71
11 56
38 86
18 76
30 56
25 89
46 94
26 72
43 85
46 77
16 55
50 74
49 61
40 71
45 59
34 84
15 89
25 88
30 82
43 94
14 68
39 95
18 55
29 97
14 87
42 59
21 81
33 83
22 92
37 66
30 68
16 83
49 77
48 63
23 83
38 72
39 78
46 54
24 78
33 52
37 71
21 59
38 54
27 53
39 61
49 76
20 53
38 78
1 81
40 70
50 69
42 70
25 54
29 96
33 95
36 61
29 74
46 80
25 93
37 93
48 94
31 87
37 52
45 52
15 54
31 70
50 54
11 75
33 54
34 58
47 88
49 81
24 83
19 92
39 77
22 82
12 84
31 83
0 30
41 51
50 76
1 94
17 62
31 59
20 68
20 65
49 67
39 68
19 68
15 96
41 56
16 63
15 53
44 85
48 75
16 51
40 88
42 62
32 96
11 77
35 82
49 80
16 84
42 77
45 74
37 94
14 94
24 76
29 72
36 57
24 64
0 23
22 97
40 94
17 61
21 58
15 69
37 57
0 21
47 86
13 77
11 65
24 74
40 58
19 67
20 67
34 82
20 83
43 67
27 51
48 55
44 52
19 73
20 66
17 69
16 58
20 76
35 74
21 74
23 60
37 95
33 65
42 58
45 79
21 69
39 83
44 69
26 86
31 54
43 61
30 55
15 60
41 78
27 86
31 74
25 75
46 60
19 71
1 60
32 90
42 87
39 58
12 52
12 78
50 79
32 61
38 66
11 74
15 66
49 54
27 71
14 92
35 51
44 58
31 97
34 81
31 80
12 51
39 55
37 92
22 57
20 60
17 89
26 64
14 63
16 72
36 58
31 65
42 52
33 93
22 68
31 89
14 55
47 51
42 96
35 57
43 89
29 79
41 54
19 60
36 75
41 88
20 95
32 72
42 79
44 80
35 86
39 51
14 84
11 78
46 55
30 69
36 60
30 92
22 51
36 55
44 55
45 73
11 51
34 61
40 53
32 57
44 59
38 71
41 91
31 94
36 87
13 57
46 52
30 94
23 62
31 63
33 55
34 72
42 72
30 91
20 71
15 55
26 95
19 55
46 69
49 87
38 75
23 75
43 88
17 76
22 74
47 66
12 61
33 58
36 52
39 64
29 62
13 88
45 51
13 72
32 59
29 28
38 55
14 71
33 97
39 96
43 72
25 53
36 77
38 90
26 78
46 91
12 76
46 70
20 64
45 68
24 84
30 58
30 79
36 76
23 54
22 72
17 73
28 84
31 81
35 52
40 91
12 63
20 82
40 65
37 97
25 66
44 53
34 62
19 82
23 68
29 81
33 66
32 53
41 77
1 74
11 73
17 67
44 94
28 54
26 68
46 86
26 66
35 61
19 56
16 66
12 66
0 11
34 78
28 94
24 92
39 97
22 94
1 71
48 81
30 83
31 67
26 76
17 64
40 77
24 94
47 67
47 61
42 53
33 88
19 78
14 59
17 70
17 74
22 85
37 60
41 69
15 14
15 68
31 93
47 54
19 51
47 89
23 86
0 22
17 54
45 96
32 79
36 89
26 79
40 63
14 69
13 93
29 94
12 75
24 82
40 95
11 61
13 53
47 92
23 84
45 95
30 60
18 74
45 88
16 60
41 83
23 61
42 56
30 66
0 38
35 66
39 59
38 62
28 81
48 80
18 87
37 63
34 33
21 77
13 75
28 55
21 84
44 56
23 72
27 82
40 52
30 65
48 59
23 65
38 63
1 61
50 90
1 72
16 61
27 61
36 67
18 89
14 80
30 54
38 84
31 69
45 93
18 93
37 88
27 95
32 70
48 57
35 89
17 81
38 57
35 94
48 67
46 68
46 73
43 93
36 95
35 96
46 84
45 77
15 90
38 37
33 69
12 69
32 58
42 73
33 75
1 84
38 97
16 56
13 55
27 77
33 90
49 64
46 53
29 65
38 77
19 62
25 61
29 53
44 88
37 64
16 65
33 84
42 60
44 95
43 55
44 61
19 69
19 91
19 70
25 58
15 83
37 81
13 97
20 73
33 59
49 89
20 94
44 87
47 60
46 97
41 59
13 94
24 71
29 73
27 97
17 80
38 58
21 92
27 80
45 61
50 60
15 88
22 58
50 87
13 80
40 82
22 69
39 75
47 69
31 60
42 92
24 72
1 86
0 16
22 78
14 96
23 97
36 83
41 52
16 57
46 79
15 93
32 82
43 74
15 58
39 56
0 10
16 87
50 80
34 93
24 69
38 89
33 96
31 79
25 91
50 77
21 56
40 85
30 29
44 91
19 61
22 75
23 63
43 51
0 6
23 93
46 64
17 59
1 88
14 81
16 76
48 78
44 89
13 86
47 77
37 67
16 91
29 51
47 93
15 71
43 73
38 94
28 66
31 85
30 87
43 68
19 64
47 81
16 53
47 74
1 56
24 55
44 82
17 16
44 83
14 97
14 91
38 91
47 62
35 72
29 64
12 74
38 81
50 72
32 60
26 73
28 80
14 67
45 57
0 9
25 90
1 65
18 91
22 62
1 78
14 82
1 95
13 78
13 56
15 91
25 59
44 86
14 62
47 53
47 64
16 70
39 82
43 59
27 67
13 70
26 53
45 89
49 48
35 67
23 96
15 75
22 64
40 79
19 95
43 56
11 63
34 89
40 72
38 96
19 89
46 61
46 89
43 79
24 65
36 69
25 63
46 87
14 90
47 46
20 58
34 56
27 75
50 91
39 73
0 2
28 92
28 71
34 68
26 71
45 83
28 75
34 74
28 63
29 87
37 85
50 85
43 60
45 82
47 72
37 69
33 79
42 84
29 59
28 82
18 61
21 52
49 74
50 86
45 84
29 60
40 73
0 20
28 97
45 55
48 65
48 60
40 39
42 67
1 67
29 52
42 64
17 53
47 85
48 90
40 83
25 72
33 62
32 91
13 51
29 82
31 90
45 90
0 34
47 87
0 3
43 87
11 79
18 59
22 65
28 83
40 54
23 79
29 61
49 53
46 83
31 76
25 67
47 65
41 40
12 94
24 79
41 80
23 64
50 81
42 61
24 66
28 95
50 67
50 53
1 53
22 67
49 92
11 70
21 54
50 70
24 87
26 89
43 66
13 60
21 80
12 53
40 59
41 86
44 57
20 81
34 73
38 64
46 56
40 92
32 81
15 76
48 85
37 55
25 92
11 80
41 73
34 67
12 93
44 79
31 77
35 97
47 68
50 84
13 95
0 26
31 30
25 85
16 97
35 88
43 52
35 63
12 68
12 79
35 91
20 74
37 84
15 78
13 69
27 85
20 61
36 81
21 93
47 57
27 64
45 44
33 86
26 96
49 63
27 62
23 67
19 80
37 75
14 52
35 62
26 59
21 86
38 56
36 53
15 67
17 88
29 67
43 80
35 71
27 93
0 24
18 77
16 69
0 48
19 74
16 52
19 65
15 62
29 86
41 71
25 87
48 73
49 59
13 52
35 87
42 88
20 85
33 61
43 57
12 91
26 65
30 77
41 93
13 89
33 70
12 58
16 82
45 69
30 59
42 41
50 62
46 45
36 56
45 72
26 83
22 53
23 95
46 66
32 84
37 89
16 80
0 28
33 85
19 93
14 85
29 92
24 63
42 74
50 56
17 65
45 66
39 53
0 49
30 67
30 73
31 61
18 56
15 94
21 88
30 81
49 83
12 81
24 89
23 51
21 66
29 88
50 55
22 88
38 61
39 85
11 67
47 90
47 73
49 66
27 72
23 87
38 53
0 35
44 73
24 57
12 77
48 95
31 96
48 68
16 92
37 58
36 73
18 51
47 52
50 71
22 84
39 65
33 60
1 90
16 62
39 62
33 64
27 63
14 66
36 64
43 75
32 80
40 62
22 56
41 89
13 62
22 81
32 62
31 52
18 86
15 80
0 31
41 67
41 61
24 91
30 96
40 78
48 66
44 78
16 77
48 88
21 63
21 51
41 63
33 51
38 60
41 97
47 58
39 57
34 97
48 71
46 65
0 14
46 74
40 67
28 96
40 69
40 76
21 60
26 69
37 78
14 88
1 69
18 83
30 90
29 71
18 78
21 76
45 76
0 46
36 80
29 76
47 56
44 67
13 76
18 52
34 85
17 63
15 85
0 15
50 52
22 95
33 67
39 76
14 95
28 87
14 93
42 85
14 61
27 66
46 75
15 57
50 65
24 85
17 77
38 95
20 89
48 72
30 52
22 70
1 97
27 91
40 56
36 62
25 84
14 65
23 94
38 67
17 94
41 74
50 75
42 86
14 53
48 52
26 60
21 61
16 73
16 71
17 71
48 92
32 86
47 79
43 96
40 84
42 76
12 62
42 91
41 72
15 74
33 63
29 68
34 64
35 75
24 52
37 61
36 84
44 76
17 79
19 76
24 58
39 81
17 82
28 60
24 51
49 58
16 85
17 60
46 78
41 68
15 81
49 94
1 70
21 57
22 91
35 53
42 66
25 95
29 89
27 88
21 95
25 60
34 52
47 96
23 22
41 58
28 73
26 74
31 71
42 83
0 33
21 79
43 42
26 57
25 69
0 8
48 97
12 60
33 92
49 56
11 59
28 65
50 61
23 92
26 82
26 94
20 77
12 67
47 59
26 97
28 27
20 87
14 56
44 74
42 71
1 85
46 63
27 79
37 91
20 62
22 77
25 57
20 88
49 84
18 69
18 70
49 73
35 59
49 90
0 29
37 73
46 81
25 77
20 84
39 67
27 84
11 69
40 55
46 93
29 75
44 62
36 71
46 71
36 92
25 55
28 52
31 86
19 85
32 51
41 53
12 97
27 60
11 54
37 68
29 85
16 93
45 70
13 67
23 69
49 97
50 88
34 53
37 54
16 81
45 60
14 58
34 51
21 73
13 92
38 70
12 85
32 71
19 88
40 66
0 42
19 87
34 60
11 72
43 54
18 58
19 75
37 53
0 47
36 97
33 74
13 59
37 36
26 84
14 13
49 57
30 72
33 94
44 65
33 53
44 64
16 15
27 96
0 25
25 70
11 58
45 87
0 45
35 81
23 80
47 95
34 57
48 86
44 63
37 74
1 64
28 69
23 53
12 64
33 76
12 87
48 58
46 57
39 60
47 63
28 56
11 60
40 75
16 95
28 62
37 87
22 83
37 70
17 92
23 71
22 59
50 51
28 72
23 66
23 81
15 86
13 96
44 66
41 85
49 95
40 64
19 63
48 47
30 95
21 65
19 59
45 56
26 54
44 54
24 54
11 62
47 55
38 74
48 54
39 79
31 53
20 52
25 79
49 79
39 87
47 94
40 81
22 52
17 95
40 96
39 71
12 65
12 11
12 88
32 93
43 83
41 65
31 56
20 79
32 67
24 53
20 57
27 73
41 57
21 55
48 70
22 79
49 78
29 90
38 76
24 97
46 51
24 68
15 97
13 63
37 62
35 54
40 74
31 55
1 91
14 57
50 97
19 96
50 82
13 85
35 93
13 87
31 57
31 62
28 76
39 88
30 80
1 73
15 77
16 78
40 97
34 94
21 62
29 93
34 77
44 96
45 63
11 64
28 67
16 94
12 73
34 76
48 51
33 57
1 92
49 85
27 81
40 86
27 65
14 74
34 91
0 32
47 70
29 57
46 85
36 96
34 96
39 66
18 71
17 56
14 79
15 64
0 12
33 73
26 92
27 94
46 92
16 89
27 59
37 72
18 90
48 89
22 71
23 59
42 80
25 86
15 92
1 99
24 62
35 69
14 64
23 56
28 74
21 87
13 91
21 82
26 56
12 96
34 92
15 79
42 54
31 82
20 70
22 63
43 81
21 78
18 88
0 18
40 93
32 69
44 60
24 88
29 95
47 91
13 54
36 68
41 96
47 80
45 81
19 72
31 84
21 64
1 77
0 19
22 87
17 55
39 63
41 75
14 78
48 91
27 92
35 77
22 60
50 73
20 19
33 87
43 76
38 73
22 89
20 97
31 91
32 95
28 86
45 65
29 54
36 51
38 51
27 68
29 58
36 35
24 56
28 91
16 68
18 62
43 91
15 70
34 54
44 81
36 78
11 53
38 92
23 70
48 53
48 93
20 90
21 75
26 25
34 65
12 54
42 55
42 68
0 50
48 74
25 97
28 70
30 61
24 67
1 63
32 92
18 57
20 59
45 86
34 75
41 90
1 68
30 86
32 75
37 82
28 79
28 53
49 70
28 68
46 58
19 66
45 78
32 78
47 84
13 58
15 63
45 92
45 53
16 64
24 59
44 43
38 87
36 94
27 69
39 93
18 85
45 94
12 59
13 84
1 79
16 96
24 61
21 94
35 58
39 54
15 52
35 56
18 97
11 68
16 67
28 90
48 76
48 64
31 66
42 75
27 70
21 89
26 90
33 80
39 52
49 52
1 96
19 54
44 90
30 78
42 90
44 97
30 74
46 72
50 96
39 89
12 80
49 86
18 92
50 64
13 82
21 68
27 89
49 68
36 91
41 92
43 97
36 93
36 72
34 88
14 60
31 88
41 87
1 59
12 95
30 93
17 58
36 82
17 72
42 82
13 65
36 54
15 95
25 94
47 78
47 83
18 96
15 72
0 4
22 55
44 70
42 97
17 85
48 84
22 54
32 55
18 17
17 75
27 58
18 64
39 80
27 87
18 68
1 80
23 52
14 77
28 88
36 65
30 64
25 65
30 89
13 73
24 95
28 85
18 79
41 76
27 55
26 58
25 64
33 32
14 89
13 66
17 96
34 66
1 76
38 59
42 57
50 66
23 90
1 55
22 73
26 80
24 75
19 53
32 63
26 88
1 98
13 68
43 69
19 90
25 80
0 41
45 64
23 76
18 53
46 90
33 91
40 60
38 88
47 71
34 95
34 55
41 94
35 60
30 57
38 82
32 66
33 72
40 89
14 72
50 95
50 89
39 38
22 66
34 59
26 61
23 78
24 80
24 96
31 64
37 79
25 71
28 51
41 84
1 93
17 87
25 82
37 86
43 84
43 62
20 80
36 59
46 62
30 88
23 74
12 55
48 62
42 93
23 57
20 75
20 86
50 59
14 73
44 72
16 54
27 52
19 79
18 54
49 72
17 68
18 75
20 96
35 55
39 92
40 87
32 54
20 72
24 77
35 73
46 67
19 86
28 61
14 83
22 76
37 96
42 65
12 71
29 78
18 94
17 86
32 77
11 55
12 86
36 74
45 97
30 53
13 79
32 74
17 90
20 63
21 90
19 52
16 74
33 89
43 65
37 56
39 69
12 83
27 26
17 57
21 96
42 51
26 93
32 87
32 85
38 68
26 67
31 78
1 54
36 70
46 59
18 95
25 68
38 85
31 68
17 66
40 90
34 69
27 57
46 96
32 88
44 93
25 62
24 90
43 78
27 74
19 77
33 82
0 17
14 54
49 93
12 90
32 31
48 83
44 51
23 73
18 65
30 70
19 83
36 63
37 77
28 64
15 51
30 75
32 97
37 59
39 70
18 80
22 61
36 79
49 71
35 78
15 65
30 63
32 64
37 65
27 83
0 7
34 86
29 84
29 70
35 76
13 71
21 20
41 81
50 63
25 24
49 62
30 76
21 91
23 58
16 59
42 81
43 92
50 83
13 90
21 71
14 70
34 87
25 74
11 52
38 80
49 88
24 93
21 53
33 77
35 83
28 77
38 83
37 51
23 88
0 27
18 60
31 51
17 84
48 77
26 75
39 84
43 77
45 62
50 57
0 13
18 66
11 76
15 82
18 63
37 80
35 80
24 86
30 62
29 56
18 81
37 83
26 77
41 70
12 89
35 64
0 36
45 54
14 86
50 94
22 96
31 72
26 87
0 1
32 89
44 68
30 84
34 70
45 75
29 63
49 91
35 95
50 93
19 84
24 60
19 81
23 85
15 73
21 70
36 66
41 79
25 96
18 73
26 62
12 56
43 71
26 55
40 51
17 91
17 52
38 65
34 90
16 86
19 57
12 57
1 57
20 93
17 93
49 96
32 56
50 78
26 81
44 77
34 63
2000
71 6
0 56
61 36
46 55
53 82
15 59
49 20
10 69
41 76
79 10
1 55
78 96
2 71
25 45
10 5
5 18
40 59
44 52
55 61
60 96
43 85
33 88
5 71
18 57
56 55
29 0
52 59
18 32
89 4
13 71
50 68
10 15
55 86
56 72
81 86
66 18
10 96
55 24
25 86
50 17
48 23
28 90
33 78
9 1
2 98
11 48
60 38
89 42
35 37
53 23
57 97
0 60
96 95
44 11
53 85
61 73
59 79
54 61
10 13
50 67
1 40
16 77
93 29
31 38
72 99
98 42
81 95
13 86
93 23
66 71
39 59
89 61
97 87
79 0
2 85
46 22
50 49
52 19
52 22
85 3
86 77
94 88
12 17
30 18
14 32
30 51
13 74
14 2
25 7
31 55
46 29
92 44
46 97
4 45
17 8
30 60
38 10
65 67
12 93
15 43
71 67
48 0
44 95
20 18
49 7
84 75
14 42
56 8
67 86
30 11
33 92
40 16
53 97
25 62
50 31
13 21
64 99
59 70
93 30
64 12
33 4
83 14
56 74
82 15
92 60
64 10
17 87
0 13
28 79
15 65
97 0
4 54
58 94
46 65
72 98
31 24
29 86
90 79
97 28
64 5
60 41
90 88
3 30
89 20
87 16
42 12
0 96
64 1
21 95
44 79
2 70
73 23
71 35
60 52
91 97
85 11
63 97
71 1
46 76
65 88
48 41
6 44
49 2
90 52
14 56
94 86
98 95
94 60
88 63
83 78
91 29
50 25
96 97
82 13
91 13
90 66
26 57
45 73
84 94
91 77
66 49
77 85
78 82
95 26
26 89
27 9
41 5
15 24
7 94
98 44
62 42
59 87
43 68
76 52
79 81
95 97
43 62
60 76
19 7
19 90
46 17
61 30
66 41
50 20
52 30
68 67
84 70
87 56
8 2
64 46
69 30
99 32
23 2
28 69
58 52
19 12
27 23
84 7
63 48
53 42
78 24
23 62
32 87
59 81
90 29
6 51
33 22
48 36
96 16
27 64
68 85
80 61
50 93
60 45
48 10
71 56
70 26
31 92
32 29
31 40
4 28
65 2
81 12
58 36
62 1
29 44
10 25
78 74
65 73
27 25
93 9
45 15
80 16
52 42
78 12
21 71
92 95
88 29
63 77
97 1
7 89
7 75
48 93
50 36
40 7
93 75
25 13
84 2
20 21
17 63
69 12
29 64
86 28
4 63
2 25
53 8
19 83
96 98
38 84
76 67
94 90
73 10
50 23
32 59
91 31
22 84
97 92
40 73
20 93
3 81
58 59
65 60
39 9
27 60
2 9
92 71
31 51
87 14
84 80
70 55
1 92
10 31
45 64
52 4
37 31
86 92
3 23
81 51
71 58
89 67
92 70
68 25
87 35
56 68
45 55
96 77
9 99
4 66
81 11
76 95
2 97
24 0
53 86
43 54
36 6
44 70
71 31
57 91
95 6
83 42
88 27
56 35
45 5
32 19
50 84
83 4
88 48
38 22
35 6
31 25
79 51
55 11
0 82
57 51
0 27
3 60
90 25
57 58
40 34
45 74
92 87
39 46
67 83
8 0
75 3
61 62
34 43
8 27
42 54
14 86
65 89
55 64
23 39
3 46
86 2
99 17
14 24
55 81
29 61
24 13
46 86
12 66
6 83
18 33
36 95
34 90
2 12
51 72
68 27
52 84
28 21
98 69
5 24
72 29
8 92
85 95
95 53
69 70
5 1
67 77
20 35
35 42
50 54
13 94
33 60
58 23
32 94
50 94
22 49
82 62
47 84
18 44
75 79
56 46
64 23
50 13
91 10
62 6
27 12
89 21
28 76
73 87
30 97
24 38
80 43
74 79
78 39
25 34
78 65
50 51
34 52
39 36
9 13
32 62
40 47
71 57
89 68
13 65
58 32
44 86
4 53
53 75
68 59
74 4
87 81
50 3
63 81
53 63
4 32
26 68
95 13
88 70
57 32
82 14
97 17
5 11
89 15
65 45
50 38
22 8
78 87
6 11
24 94
37 64
82 19
50 66
34 37
56 91
1 70
45 32
39 86
3 39
3 64
74 5
53 52
72 45
38 4
42 17
50 10
54 79
9 26
74 37
52 23
15 67
34 41
5 78
65 75
76 15
7 54
66 72
4 10
15 18
44 99
25 36
77 27
88 86
23 70
73 66
90 48
56 99
71 83
10 24
13 68
37 71
50 53
95 73
47 54
48 1
73 2
35 29
37 15
69 51
98 82
70 79
60 88
26 20
83 91
72 14
36 71
10 1
0 2
94 91
30 22
80 65
34 35
98 7
56 29
40 36
36 11
27 11
0 42
97 68
37 11
37 38
85 35
74 40
57 13
69 31
51 32
15 11
27 62
48 64
50 6
44 53
23 71
95 41
78 90
8 30
58 22
76 4
96 20
15 81
5 79
25 39
76 86
50 40
50 7
59 25
76 73
84 26
11 71
20 1
26 79
11 93
73 49
46 68
81 97
63 73
74 36
66 83
90 55
13 63
57 2
19 64
42 76
86 38
25 48
72 44
29 15
98 68
80 4
38 26
50 82
10 90
32 82
85 1
75 19
85 87
24 45
79 23
50 46
50 59
46 9
81 42
61 12
42 99
44 75
1 2
59 17
60 21
45 14
18 39
22 42
73 72
99 84
87 98
0 22
66 15
5 16
46 63
95 3
20 45
99 94
18 10
26 98
9 30
48 28
1 90
74 64
15 7
44 5
0 70
92 14
61 43
89 86
33 21
50 12
50 96
25 75
88 28
31 2
58 83
69 33
28 36
5 23
87 5
47 61
82 60
96 90
49 43
76 44
7 28
9 34
17 93
71 61
99 4
52 75
94 75
36 56
97 22
44 30
77 36
37 30
96 18
30 76
67 88
78 94
97 16
66 54
9 28
15 22
47 10
11 23
64 13
94 68
36 63
0 64
95 24
52 0
74 20
79 69
18 55
38 69
20 87
29 30
98 73
8 58
91 80
46 93
62 49
37 47
89 72
60 25
5 13
69 7
71 89
47 39
34 42
2 10
69 46
50 28
50 71
98 52
81 85
93 45
82 18
26 52
14 20
83 62
50 81
75 98
27 89
50 86
48 22
33 75
10 52
54 68
55 71
91 99
51 54
73 69
62 78
27 18
50 18
4 98
35 55
11 57
13 39
37 54
50 1
62 24
6 46
87 53
41 58
1 77
41 21
68 15
12 15
27 91
51 9
62 72
1 67
38 23
87 3
83 11
67 37
27 94
97 36
76 94
86 57
23 42
50 22
55 8
96 85
81 41
85 51
37 21
61 94
50 44
85 83
12 9
75 11
59 60
80 2
50 43
65 56
77 52
45 22
58 40
28 71
3 89
92 7
88 22
43 32
84 88
97 48
10 62
88 1
84 5
96 15
53 56
47 36
30 99
81 19
76 93
25 33
33 15
50 69
51 71
2 18
92 40
89 35
56 81
56 95
93 39
56 73
87 62
36 8
63 99
31 52
61 0
25 17
84 42
80 57
51 99
47 87
63 38
81 46
53 40
9 94
21 5
86 10
88 72
73 13
90 22
97 8
25 69
27 29
80 39
74 82
48 96
63 87
90 93
81 78
67 8
0 23
50 14
36 31
35 95
49 79
41 80
78 60
3 96
67 98
11 64
36 35
67 7
52 62
85 80
76 77
35 11
85 89
24 11
12 83
56 64
50 42
99 65
26 6
56 79
31 5
12 40
50 95
1 26
51 14
73 81
50 79
38 82
72 92
25 3
20 73
28 87
6 33
1 69
68 35
60 69
59 33
40 87
50 27
23 84
54 29
88 75
83 65
97 43
9 14
9 8
48 45
92 5
52 95
84 25
46 96
65 4
45 31
6 88
31 6
46 36
34 49
71 74
45 9
85 93
50 9
33 26
77 25
70 81
35 75
80 62
93 73
78 54
63 91
95 99
24 65
84 65
22 60
11 92
50 91
50 65
88 51
27 22
41 78
22 85
50 87
22 14
76 71
96 40
57 10
60 16
21 90
37 95
98 59
85 42
63 45
9 52
92 63
5 62
83 75
89 78
62 12
91 24
74 42
89 17
22 59
99 36
20 24
72 55
35 60
16 54
91 25
98 14
45 28
24 68
62 76
11 56
72 35
3 10
64 61
66 3
37 73
49 83
50 33
10 68
45 34
81 21
68 64
52 29
40 84
68 88
16 41
63 3
32 71
71 18
48 35
36 16
91 51
72 53
55 65
80 95
63 65
4 51
28 75
1 39
47 31
48 27
33 89
24 82
6 38
80 69
30 17
59 28
57 54
14 3
45 37
26 11
91 61
50 41
50 83
72 48
82 9
71 9
80 89
88 64
50 60
15 48
74 61
1 8
76 5
83 0
46 24
96 43
45 36
34 71
18 63
65 9
51 67
30 82
28 3
75 78
84 64
27 26
15 44
94 19
47 83
92 89
65 25
30 59
52 78
50 29
25 71
27 66
37 18
36 81
2 42
60 34
92 9
56 45
95 65
94 69
89 28
82 84
20 95
13 66
69 90
24 64
16 12
50 88
34 65
41 90
65 79
46 87
99 75
6 89
17 20
79 83
64 73
28 33
33 67
33 27
97 79
93 83
34 54
17 73
39 33
42 72
27 42
29 97
25 94
15 27
89 79
30 19
33 36
20 83
25 37
65 30
48 33
0 75
91 74
68 38
3 78
78 18
85 31
18 53
4 34
37 1
0 93
57 64
86 22
89 34
36 84
35 86
50 52
5 80
41 98
41 22
81 74
22 65
18 92
6 93
65 97
40 94
12 73
46 0
85 52
80 98
79 52
61 67
93 57
57 96
0 37
76 49
94 15
18 21
38 30
50 58
17 57
54 18
28 27
80 92
55 60
20 30
90 13
11 52
54 31
50 61
32 90
73 70
44 43
11 99
89 24
57 56
90 91
11 72
5 42
1 4
34 24
5 91
63 62
36 42
60 53
47 38
94 3
42 66
17 82
71 78
5 40
58 72
34 46
0 54
50 92
64 71
92 65
73 55
17 76
66 22
84 78
24 30
77 83
64 42
29 82
33 38
39 76
30 91
77 34
8 88
50 48
14 31
46 21
15 63
78 63
48 29
43 30
29 84
86 82
92 48
79 93
41 39
59 21
68 70
93 1
98 54
94 30
38 28
13 41
57 48
45 12
35 14
45 38
13 27
46 45
79 17
3 61
88 85
11 21
94 12
87 79
9 41
97 49
72 76
97 51
7 13
29 25
10 76
81 53
82 46
65 10
84 27
72 32
57 74
56 85
73 11
11 34
61 32
19 46
50 64
72 9
50 62
29 19
53 3
60 23
31 56
3 98
6 56
28 44
96 9
38 14
96 14
29 67
69 18
81 67
19 11
2 43
3 24
66 23
38 53
97 85
67 74
50 30
77 6
11 65
50 85
94 77
62 2
78 73
11 13
40 52
96 2
81 71
90 15
43 13
50 45
32 24
85 54
53 19
56 92
77 54
50 8
17 7
19 54
53 26
47 88
50 2
92 15
34 91
41 38
57 83
28 34
82 59
60 64
72 75
5 95
96 73
80 66
77 92
89 38
44 25
97 60
44 12
43 20
37 75
76 56
27 7
69 34
74 16
14 5
9 95
30 72
8 47
5 26
3 45
85 18
43 87
67 28
50 89
37 60
50 72
41 91
65 28
89 75
50 47
64 16
5 2
42 95
41 52
88 21
2 40
58 46
37 26
16 69
45 13
60 39
14 94
28 19
62 17
47 63
35 17
59 18
25 58
10 58
78 34
9 35
30 64
34 48
24 42
54 88
26 31
66 79
12 92
2 38
75 47
40 29
40 95
68 77
61 97
25 18
80 45
70 14
79 36
83 56
48 84
17 60
34 80
6 87
33 23
98 90
92 38
26 58
21 42
22 47
50 37
15 95
61 52
29 12
88 30
83 38
63 95
2 20
63 24
34 96
13 44
78 14
57 72
70 24
93 84
50 74
38 1
57 8
13 34
45 23
80 96
23 17
70 75
71 29
26 22
40 39
66 93
57 92
61 8
48 78
71 59
36 68
36 60
7 34
84 53
18 38
87 65
97 84
26 32
24 76
75 4
99 61
83 30
87 36
47 26
69 3
14 15
31 77
81 8
42 79
89 48
60 1
11 33
23 74
8 13
44 34
38 40
33 29
84 0
71 73
39 15
88 77
24 2
43 10
47 45
53 15
60 95
50 39
21 3
63 80
91 38
44 41
3 2
15 99
23 24
34 8
37 23
74 65
85 59
96 45
69 6
42 4
17 84
22 24
50 11
63 55
49 18
55 85
79 58
72 91
35 88
44 96
64 47
3 65
39 79
67 87
43 66
4 48
28 22
55 19
29 31
28 51
63 89
41 47
93 99
33 44
14 60
50 19
36 3
1 73
76 0
6 78
58 7
41 75
62 55
96 83
78 88
27 3
21 6
26 87
69 15
96 54
19 80
34 83
31 33
99 58
39 89
39 14
89 29
83 63
69 64
83 33
16 18
75 68
95 29
58 30
64 66
90 92
8 71
96 23
5 27
5 89
21 78
24 6
6 43
48 77
65 52
57 94
8 33
74 77
50 90
64 93
28 32
93 77
53 5
89 18
78 47
4 55
56 13
48 47
76 87
24 58
58 78
32 79
50 77
51 48
88 80
88 73
12 55
63 72
58 21
42 25
30 73
30 10
86 83
19 15
77 56
73 29
28 1
27 76
38 15
58 16
50 24
44 23
50 75
78 46
68 69
58 75
61 10
18 62
45 11
71 96
51 76
19 20
23 94
97 99
16 31
1 72
45 85
40 4
15 20
4 67
99 81
29 47
73 6
59 63
86 62
66 87
45 29
50 99
59 2
98 76
86 51
20 3
59 53
91 98
59 13
79 29
11 39
42 32
84 54
73 83
84 71
96 88
71 65
70 78
43 65
27 21
1 44
83 80
3 35
77 37
22 34
47 51
59 92
12 46
71 47
15 70
77 21
91 44
0 74
9 68
32 53
50 26
75 31
86 54
42 61
13 18
10 99
37 84
45 62
67 40
59 57
50 70
58 6
13 87
29 76
48 5
12 53
28 64
74 34
30 28
17 88
82 12
11 63
95 72
59 76
23 25
50 16
95 62
19 17
58 53
90 45
50 80
20 65
8 63
37 56
99 29
64 97
98 89
35 63
63 7
97 18
49 87
71 70
13 37
32 93
73 4
50 4
62 28
6 81
72 71
35 40
50 76
47 1
67 64
2 15
2 4
11 69
83 72
84 18
25 61
11 32
32 33
36 64
43 11
51 36
7 31
1 27
32 40
98 13
75 1
92 49
9 91
54 63
92 61
25 74
73 8
9 73
23 76
39 56
5 60
54 36
99 28
83 94
44 74
21 96
98 37
90 68
50 98
27 99
22 75
84 95
19 66
28 81
90 63
76 13
72 40
94 4
88 37
20 78
84 41
73 99
17 33
74 88
81 76
56 16
41 62
21 82
21 48
35 30
50 73
25 80
57 55
29 24
56 70
31 70
0 59
80 26
50 56
99 79
2 82
7 82
52 93
55 53
2 83
26 24
5 68
98 25
66 58
1 11
61 66
55 44
81 92
43 46
51 66
49 24
52 28
73 26
76 18
72 86
24 75
32 5
82 48
78 92
76 88
54 22
83 16
34 17
89 22
20 8
87 99
41 37
77 23
67 20
46 99
85 34
73 57
60 89
80 31
43 94
19 5
28 61
90 75
12 96
39 12
96 32
40 62
8 69
71 82
63 29
1 13
37 36
5 81
94 16
3 41
31 0
90 59
47 32
72 43
1 68
80 99
36 82
58 67
62 46
19 25
64 83
49 4
70 60
47 95
10 51
15 85
12 36
19 24
51 8
67 96
50 35
60 84
12 87
53 98
78 15
33 87
6 16
6 82
3 1
88 93
57 15
50 34
70 17
56 20
37 16
56 47
63 23
18 35
73 0
18 9
5 20
7 96
70 99
0 15
60 81
94 10
78 56
73 3
2 13
63 10
23 78
38 48
33 97
10 0
66 88
52 38
28 70
19 71
45 70
9 7
97 76
64 63
83 45
50 32
64 41
83 27
21 54
59 54
22 71
68 63
86 49
50 97
91 86
85 38
35 79
55 96
86 75
16 81
44 17
71 93
65 26
74 89
27 63
25 64
14 52
24 84
69 85
58 56
36 17
64 80
55 91
47 70
92 34
76 69
24 71
51 7
54 95
94 72
46 71
73 59
16 48
49 11
91 60
7 86
60 29
12 31
11 28
8 5
78 10
10 84
92 23
44 36
99 85
70 46
89 91
99 37
34 75
26 23
72 67
71 68
3 70
59 84
64 54
39 51
97 14
2 21
14 75
41 93
93 28
6 85
30 41
41 14
75 60
9 10
73 97
59 41
43 42
88 15
23 95
93 13
98 55
78 40
62 4
67 66
81 37
93 18
35 12
87 88
52 25
0 67
64 90
93 47
20 85
48 13
0 30
41 11
54 32
77 3
80 12
42 86
40 65
84 21
53 28
3 9
22 20
90 95
17 16
22 21
50 63
15 61
14 17
45 76
67 30
49 3
31 62
7 79
38 25
46 94
42 67
78 79
59 93
36 14
72 77
19 61
95 10
83 5
66 52
22 7
88 89
69 86
62 89
38 44
12 25
64 14
50 15
99 82
13 75
78 0
85 57
16 1
77 70
16 29
33 71
1 18
3 67
78 98
48 42
81 52
83 52
13 42
53 79
28 5
60 87
33 85
21 7
76 25
59 95
40 97
37 4
4 0
93 22
61 39
67 73
18 3
67 56
2 91
79 57
57 46
63 6
65 21
25 66
7 91
67 59
77 53
0 12
35 21
50 0
82 91
50 21
12 60
38 66
35 4
88 58
52 12
51 35
50 78
50 57
8 37
23 30
66 55
96 33
8 93
24 85
3 54
46 27
19 57
50 5
7 12
32 78
45 17
44 20
28 16
12 75
17 58
86 73
62 75
50 55
19 58
5 94
1729
0 17
0 29
0 45
0 6
0 7
0 2
0 33
0 48
0 8
0 1
0 59
0 78
0 23
0 20
0 68
0 35
0 76
0 34
0 41
0 57
0 77
0 62
1 38
1 30
1 18
1 40
1 53
1 60
1 23
1 6
1 72
1 35
1 76
1 49
1 25
1 36
1 58
1 11
1 17
1 9
1 45
1 4
1 48
1 73
2 55
2 54
2 37
2 23
2 6
2 78
2 58
2 31
2 13
2 56
2 33
2 50
2 66
2 38
2 69
2 71
2 35
2 60
2 34
2 21
2 1
2 24
2 39
3 30
3 44
3 36
3 47
3 1
3 39
3 79
3 75
3 4
3 55
3 59
3 60
3 37
3 68
3 26
3 67
3 32
3 9
3 40
3 49
3 0
3 70
4 72
4 36
4 32
4 75
4 2
4 73
4 66
4 70
4 26
4 68
4 5
4 45
4 17
4 76
4 12
4 64
4 71
4 56
4 53
4 41
4 61
4 8
5 79
5 75
5 47
5 28
5 44
5 22
5 25
5 0
5 60
5 30
5 8
5 6
5 36
5 58
5 42
5 57
5 67
5 1
5 37
5 41
5 26
5 56
6 66
6 52
6 35
6 77
6 45
6 37
6 61
6 69
6 58
6 20
6 16
6 47
6 7
6 41
6 36
6 38
6 30
6 49
6 9
6 60
6 63
6 54
6 51
7 22
7 28
7 34
7 31
7 48
7 55
7 15
7 71
7 23
7 52
7 21
7 5
7 13
7 26
7 3
7 80
7 16
7 72
7 77
7 9
7 69
7 4
8 54
8 68
8 26
8 41
8 28
8 51
8 31
8 35
8 11
8 50
8 57
8 6
8 2
8 42
8 27
8 24
8 56
8 45
8 44
8 30
8 34
8 21
8 52
9 40
9 11
9 13
9 2
9 60
9 17
9 59
9 44
9 66
9 41
9 76
9 48
9 16
9 31
9 39
9 18
9 28
9 67
9 20
9 73
9 74
9 43
10 35
10 67
10 75
10 50
10 4
10 77
10 7
10 51
10 16
10 43
10 63
10 41
10 8
10 38
10 61
10 18
10 19
10 44
10 69
10 22
10 40
10 39
11 73
11 70
11 55
11 15
11 58
11 27
11 26
11 35
11 4
11 69
11 71
11 21
11 31
11 13
11 44
11 2
11 72
11 0
11 47
11 56
11 3
11 50
12 31
12 22
12 14
12 80
12 16
12 8
12 30
12 61
12 78
12 33
12 46
12 47
12 27
12 43
12 13
12 29
12 53
12 56
12 69
12 45
12 66
12 1
13 26
13 56
13 1
13 25
13 34
13 31
13 18
13 38
13 77
13 58
13 22
13 70
13 79
13 66
13 33
13 75
13 19
13 14
13 43
13 10
13 45
13 59
14 28
14 9
14 6
14 30
14 29
14 11
14 79
14 61
14 74
14 52
14 69
14 59
14 65
14 3
14 27
14 2
14 16
14 8
14 68
14 80
14 57
14 22
15 14
15 4
15 75
15 10
15 23
15 24
15 61
15 46
15 17
15 74
15 31
15 68
15 66
15 21
15 35
15 8
15 48
15 59
15 78
15 53
15 42
15 3
15 13
16 57
16 34
16 23
16 39
16 70
16 52
16 51
16 44
16 4
16 35
16 63
16 69
16 19
16 5
16 11
16 21
16 36
16 62
16 18
16 20
16 15
16 59
17 50
17 28
17 64
17 30
17 80
17 2
17 39
17 56
17 53
17 6
17 78
17 71
17 14
17 76
17 69
17 51
17 22
17 59
17 3
17 75
17 63
17 72
18 69
18 22
18 56
18 66
18 28
18 44
18 24
18 47
18 39
18 58
18 76
18 35
18 68
18 34
18 78
18 38
18 71
18 80
18 11
18 48
18 25
18 54
18 3
19 63
19 33
19 64
19 1
19 28
19 21
19 26
19 44
19 3
19 7
19 20
19 48
19 30
19 8
19 53
19 69
19 59
19 32
19 35
19 54
19 80
19 42
19 36
20 51
20 7
20 43
20 55
20 23
20 4
20 45
20 26
20 53
20 18
20 72
20 36
20 75
20 13
20 1
20 2
20 46
20 39
20 33
20 65
20 48
20 35
21 27
21 29
21 12
21 79
21 69
21 78
21 64
21 13
21 56
21 68
21 20
21 62
21 58
21 33
21 76
21 54
21 66
21 28
21 10
21 74
21 73
21 34
22 80
22 45
22 6
22 31
22 52
22 72
22 26
22 38
22 1
22 40
22 41
22 53
22 54
22 46
22 8
22 19
22 78
22 30
22 16
22 15
22 68
22 79
23 3
23 46
23 13
23 48
23 25
23 39
23 10
23 17
23 40
23 34
23 60
23 67
23 51
23 30
23 38
23 63
23 61
23 71
23 53
23 80
23 12
23 57
24 59
24 23
24 29
24 10
24 48
24 76
24 34
24 41
24 75
24 54
24 30
24 43
24 11
24 72
24 45
24 25
24 53
24 35
24 7
24 6
24 74
24 49
25 8
25 41
25 26
25 46
25 11
25 66
25 67
25 40
25 54
25 19
25 59
25 43
25 71
25 35
25 69
25 74
25 68
25 20
25 9
25 36
25 4
25 48
25 31
26 45
26 74
26 1
26 52
26 71
26 34
26 0
26 70
26 23
26 18
26 79
26 69
26 63
26 64
26 62
26 27
26 76
26 66
26 57
26 14
26 36
26 78
27 25
27 0
27 67
27 63
27 60
27 66
27 79
27 64
27 54
27 23
27 32
27 47
27 17
27 1
27 3
27 31
27 61
27 15
27 56
27 2
27 22
27 33
28 32
28 52
28 77
28 62
28 36
28 33
28 0
28 38
28 70
28 44
28 29
28 37
28 58
28 2
28 48
28 25
28 26
28 41
28 63
28 4
28 71
29 61
29 16
29 75
29 19
29 8
29 38
29 59
29 76
29 9
29 53
29 68
29 26
29 45
29 10
29 54
29 5
29 64
29 31
29 71
29 78
29 34
30 29
30 62
30 79
30 64
30 26
30 9
30 35
30 18
30 16
30 27
30 32
30 25
30 0
30 10
30 51
30 46
30 63
30 13
30 4
30 75
30 57
30 72
31 23
31 77
31 46
31 10
31 62
31 60
31 61
31 5
31 73
31 30
31 38
31 1
31 45
31 54
31 19
31 71
31 56
31 44
31 74
31 0
31 53
32 21
32 57
32 5
32 2
32 11
32 7
32 45
32 29
32 68
32 65
32 10
32 25
32 76
32 70
32 15
32 8
32 34
32 63
32 75
32 69
32 54
33 78
33 67
33 32
33 62
33 31
33 46
33 51
33 75
33 63
33 11
33 22
33 14
33 61
33 29
33 79
33 9
33 57
33 35
33 24
33 74
33 7
33 55
34 60
34 5
34 71
34 39
34 59
34 25
34 55
34 68
34 36
34 42
34 53
34 40
34 10
34 30
34 22
34 50
34 31
34 45
34 19
34 77
34 43
36 33
36 66
36 48
36 38
36 17
36 42
36 7
36 55
36 52
36 10
36 50
36 61
36 72
36 54
36 21
36 29
36 75
36 80
36 49
36 41
36 71
37 70
37 24
37 78
37 23
37 48
37 68
37 51
37 63
37 74
37 4
37 59
37 53
37 39
37 30
37 15
37 76
37 10
37 69
37 56
37 14
37 67
38 9
38 80
38 16
38 0
38 35
38 44
38 41
38 64
38 58
38 17
38 24
38 66
38 70
38 71
38 7
38 79
38 51
38 20
38 19
38 14
38 27
38 11
39 0
39 27
39 65
39 22
39 53
39 14
39 6
39 80
39 40
39 5
39 26
39 63
39 70
39 13
39 11
39 79
39 55
39 74
39 36
39 15
39 73
40 11
40 50
40 0
40 60
40 33
40 32
40 17
40 53
40 5
40 29
40 45
40 68
40 78
40 2
40 58
40 57
40 62
40 8
40 21
40 54
40 35
41 71
41 20
41 80
41 79
41 66
41 73
41 54
41 23
41 19
41 61
41 44
41 37
41 47
41 30
41 7
41 72
41 34
41 12
41 32
41 78
41 45
42 48
42 46
42 13
42 9
42 52
42 43
42 37
42 4
42 10
42 7
42 45
42 69
42 71
42 33
42 29
42 32
42 11
42 26
42 17
42 72
42 12
43 4
43 22
43 78
43 57
43 61
43 15
43 5
43 55
43 70
43 18
43 1
43 80
43 38
43 26
43 67
43 16
43 64
43 28
43 56
43 14
43 65
44 1
44 17
44 30
44 23
44 50
44 79
44 58
44 36
44 70
44 35
44 6
44 56
44 12
44 47
44 21
44 66
44 0
44 72
44 62
44 29
44 73
44 65
45 7
45 72
45 76
45 62
45 50
45 60
45 48
45 75
45 36
45 47
45 54
45 61
45 3
45 38
45 46
45 33
45 23
45 69
45 43
45 35
45 80
46 16
46 74
46 17
46 79
46 43
46 34
46 62
46 54
46 77
46 72
46 0
46 73
46 52
46 71
46 55
46 5
46 44
46 38
46 11
46 4
46 35
46 6
47 36
47 8
47 39
47 31
47 22
47 32
47 55
47 79
47 43
47 21
47 60
47 63
47 74
47 14
47 50
47 23
47 34
47 70
47 19
47 13
47 56
48 56
48 41
48 53
48 2
48 64
48 70
48 31
48 73
48 77
48 22
48 27
48 46
48 52
48 38
48 39
48 4
48 16
48 35
48 12
48 59
48 34
49 13
49 35
49 54
49 61
49 10
49 11
49 55
49 7
49 41
49 77
49 57
49 30
49 72
49 22
49 62
49 27
49 38
49 34
49 45
49 9
49 26
50 37
50 30
50 35
50 38
50 79
50 55
50 22
50 33
50 20
50 74
50 77
50 60
50 28
50 70
50 63
50 59
50 29
50 25
50 39
50 7
50 21
50 31
51 2
51 29
51 45
51 35
51 68
51 26
51 9
51 15
51 57
51 63
51 40
51 3
51 0
51 32
51 27
51 53
51 28
51 59
51 39
51 11
51 34
52 10
52 15
52 75
52 25
52 41
52 35
52 54
52 29
52 79
52 51
52 31
52 64
52 17
52 71
52 20
52 49
52 62
52 78
52 80
52 61
52 2
53 49
53 55
53 13
53 46
53 47
53 52
53 80
53 16
53 73
53 7
53 18
53 59
53 2
53 44
53 6
53 0
53 36
53 8
53 28
53 79
53 56
54 12
54 37
54 14
54 47
54 80
54 15
54 10
54 74
54 67
54 39
54 28
54 72
54 59
54 44
54 13
54 61
54 53
54 63
54 78
54 11
54 4
55 65
55 19
55 22
55 57
55 6
55 25
55 0
55 70
55 26
55 41
55 14
55 18
55 42
55 8
55 12
55 29
55 15
55 32
55 63
55 16
55 4
56 39
56 30
56 77
56 22
56 32
56 73
56 63
56 52
56 1
56 36
56 65
56 6
56 70
56 80
56 3
56 50
56 10
56 40
56 42
56 78
56 41
57 76
57 19
57 45
57 64
57 2
57 3
57 79
57 58
57 68
57 54
57 10
57 56
57 52
57 34
57 61
57 72
57 7
57 53
57 73
57 11
57 36
58 46
58 56
58 9
58 34
58 52
58 75
58 36
58 70
58 42
58 61
58 3
58 55
58 78
58 16
58 35
58 43
58 19
58 76
58 32
58 10
58 4
58 41
59 68
59 77
59 2
59 78
59 67
59 35
59 30
59 56
59 62
59 27
59 7
59 39
59 28
59 23
59 42
59 40
59 66
59 1
59 36
59 47
59 46
60 43
60 57
60 15
60 20
60 46
60 18
60 53
60 54
60 7
60 56
60 30
60 17
60 39
60 33
60 36
60 37
60 68
60 69
60 8
60 38
60 14
61 42
61 62
61 17
61 2
61 11
61 65
61 26
61 71
61 46
61 59
61 47
61 75
61 78
61 79
61 51
61 56
61 73
61 55
61 67
61 25
61 64
62 18
62 70
62 4
62 1
62 34
62 38
62 57
62 73
62 56
62 5
62 12
62 50
62 17
62 14
62 7
62 51
62 79
62 53
62 29
62 35
62 13
62 6
63 5
63 69
63 31
63 8
63 48
63 9
63 68
63 35
63 74
63 60
63 25
63 43
63 57
63 72
63 7
63 14
63 45
63 61
63 75
63 18
63 0
63 59
64 47
64 70
64 79
64 54
64 12
64 5
64 46
64 8
64 7
64 36
64 24
64 1
64 6
64 32
64 49
64 76
64 18
64 51
64 56
64 16
64 35
65 58
65 30
65 28
65 26
65 16
65 8
65 13
65 78
65 3
65 33
65 23
65 27
65 49
65 76
65 77
65 22
65 0
65 29
65 31
65 47
65 70
66 62
66 51
66 3
66 57
66 56
66 20
66 63
66 11
66 23
66 30
66 46
66 53
66 31
66 29
66 24
66 34
66 77
66 49
66 50
66 17
66 7
67 20
67 28
67 6
67 70
67 71
67 64
67 76
67 2
67 63
67 38
67 55
67 4
67 16
67 14
67 11
67 36
67 41
67 58
67 34
67 48
67 65
68 52
68 73
68 5
68 78
68 9
68 38
68 36
68 67
68 35
68 6
68 33
68 64
68 10
68 39
68 80
68 12
68 66
68 2
68 61
68 16
68 17
68 45
69 24
69 3
69 76
69 66
69 50
69 22
69 4
69 31
69 39
69 48
69 29
69 36
69 61
69 5
69 43
69 58
69 13
69 56
69 73
69 75
69 62
70 74
70 31
70 76
70 5
70 1
70 2
70 0
70 27
70 54
70 20
70 40
70 30
70 66
70 60
70 12
70 61
70 63
70 69
70 21
70 23
70 6
71 19
71 30
71 51
71 78
71 56
71 39
71 27
71 43
71 37
71 0
71 70
71 35
71 59
71 80
71 55
71 8
71 57
71 49
71 14
71 63
71 74
71 21
72 75
72 40
72 33
72 12
72 56
72 26
72 34
72 71
72 64
72 48
72 39
72 68
72 61
72 58
72 32
72 8
72 5
72 73
72 52
72 47
72 43
73 15
73 77
73 76
73 35
73 8
73 65
73 2
73 49
73 19
73 18
73 42
73 60
73 34
73 30
73 79
73 51
73 7
73 75
73 64
73 70
73 22
73 78
74 34
74 20
74 40
74 2
74 59
74 66
74 53
74 57
74 7
74 30
74 79
74 18
74 61
74 62
74 48
74 23
74 10
74 1
74 73
74 5
74 22
75 41
75 49
75 16
75 56
75 47
75 59
75 55
75 9
75 76
75 19
75 71
75 66
75 64
75 65
75 39
75 18
75 2
75 34
75 31
75 53
75 0
76 77
76 27
76 46
76 80
76 43
76 79
76 61
76 15
76 63
76 78
76 30
76 10
76 72
76 60
76 52
76 56
76 2
76 6
76 35
76 22
76 47
76 38
77 64
77 16
77 19
77 17
77 22
77 12
77 2
77 52
77 74
77 1
77 58
77 21
77 68
77 54
77 8
77 15
77 71
77 43
77 69
77 3
77 42
78 44
78 13
78 27
78 53
78 51
78 31
78 30
78 45
78 75
78 39
78 69
78 19
78 28
78 77
78 23
78 72
78 48
78 34
78 57
78 46
78 20
79 6
79 18
79 70
79 55
79 29
79 20
79 69
79 7
79 78
79 75
79 1
79 77
79 11
79 42
79 17
79 49
79 35
79 43
79 4
79 71
79 48
80 67
80 48
80 4
80 15
80 3
80 66
80 10
80 26
80 21
80 60
80 24
80 40
80 5
80 78
80 72
80 42
80 58
80 63
80 64
80 74
80 77
80 33
